2339
2336
2271
2221
2210
2347
2272
2223
2224
2348
2273
2226
2340
2227
2228
2211
2354
2286
2287
2229
2212
2322
2275
2231
2232
2233
2366
2276
2234
2235
2361
2323
2277
2236
2237
2213
2324
2308
2288
2289
2239
2349
2325
2240
2241
2242
2350
2328
2290
2291
2243
2244
2355
2351
2278
2215
2362
2293
2245
2247
2369
2356
2279
2248
2249
2216
2352
2309
2294
2217
2363
2326
2296
2251
2353
2297
2252
2254
2357
2298
2299
2256
2218
2364
2358
2300
2257
2259
2342
2301
2260
2219
2220
2312
2302
2262
2263
2338
2303
2304
1762
2280
2268
1723
2265
2333
2305
2306
2281
2266
2230
2238
2311
1731
2372
2373
1737
2368
2370
1754
2367
2374
