37
79
38
39
40
125
75
130
42
43
44
41
45
81
47
46
49
135
51
77
86
52
87
54
56
137
57
89
58
59
92
60
91
80
63
90
211
66
65
212
67
93
139
69
95
72
94
96
73
74
98
101
100
140
99
142
102
141
104
143
108
136
145
110
109
147
112
111
127
148
113
114
76
149
128
117
116
105
118
120
122
151
123
153
121
124
156
154
159
157
163
164
167
171
172
177
175
180
178
129
183
184
182
185
188
187
186
189
191
190
85
192
193
195
196
198
199
200
203
206
207
208
209
210
394
254
255
213
339
501
257
410
288
411
290
291
565
216
293
217
258
219
342
763
764
220
295
397
221
566
507
296
222
260
413
298
224
263
465
299
289
912
262
226
300
302
230
348
231
349
350
256
232
352
398
508
473
264
304
415
509
765
236
354
305
266
416
766
306
873
510
308
355
307
511
356
310
238
309
311
357
420
240
267
419
418
499
358
767
609
242
241
422
421
640
312
536
340
568
474
360
423
297
244
268
361
493
359
475
494
424
269
537
874
540
611
610
362
292
246
363
270
247
425
476
426
364
495
314
612
530
768
248
477
315
271
428
353
512
400
688
613
922
317
430
274
496
249
429
272
273
316
341
365
570
538
664
769
913
250
367
401
251
252
432
431
318
689
433
478
554
555
319
276
369
275
370
479
277
513
279
321
514
372
278
434
373
402
371
770
498
614
556
641
322
515
280
375
374
281
690
323
516
539
572
436
435
283
615
324
517
282
665
500
325
345
285
284
573
438
437
574
403
481
616
575
518
617
771
376
378
439
377
286
441
328
327
482
404
344
379
502
711
712
405
294
380
329
578
442
381
351
382
579
557
503
618
642
384
443
519
385
406
383
331
346
333
445
387
386
407
504
446
666
713
541
619
643
875
336
389
334
335
772
505
447
448
542
580
581
582
691
644
714
396
393
337
408
409
522
391
392
338
520
521
692
715
773
620
774
450
775
451
668
776
669
667
670
777
543
717
453
524
395
671
525
693
454
584
456
455
586
544
696
585
621
778
526
545
587
458
588
718
589
645
876
459
622
546
646
399
484
694
780
877
549
461
460
550
783
486
781
782
623
590
914
463
673
674
527
647
462
878
784
697
785
915
464
676
624
467
466
551
552
786
698
675
648
788
787
721
649
677
468
591
699
789
529
790
722
592
553
489
487
469
470
792
577
650
700
791
533
485
490
471
593
534
531
595
532
794
491
723
596
597
472
678
535
702
795
701
796
506
492
528
457
651
652
598
626
797
599
653
654
601
627
679
879
798
880
703
724
800
799
603
680
704
628
604
801
802
629
656
655
606
657
682
683
681
761
882
725
803
881
607
608
630
727
726
805
808
728
705
806
631
706
809
632
659
810
633
729
730
731
811
916
635
684
634
812
732
813
685
660
910
733
814
734
636
661
815
686
816
817
884
737
662
883
736
735
638
663
709
637
687
819
818
820
639
911
885
821
738
822
779
824
886
917
739
825
740
871
905
741
827
826
742
744
830
829
743
909
745
831
832
746
834
836
833
747
835
837
872
748
838
749
750
887
751
839
908
841
842
840
753
752
844
918
845
888
846
847
848
854
849
850
851
852
889
853
890
891
907
856
857
855
892
893
859
860
919
862
861
906
865
863
864
894
866
895
920
896
868
869
870
904
897
903
921
483
547
133
201
106
78
368
84
152
61
126