273
274
275
276
277
278
279
280
984
985
986
987
988
989
990
991
992
993
994
917
995
996
997
918
998
999
921
920
1000
1001
919
1002
1003
1004
1005
1006
1007
1008
1009
1010
1011
1012
1013
1014
1015
1017
1018
1019
1020
1021
1022
1023
1024
1026
593
594
595
596
597
598
599
600
601
602
603
604
605
606
607
608
609
610
611
612
613
615
616
617
618
619
620
621
623
624
625
626
627
629
630
631
632
633
634
635
636
637
638
639
640
641
642
643
644
645
646
647
648
649
650
651
652
653
654
655
656
657
658
659
660
661
662
663
664
665
666
667
668
669
670
671
673
674
675
676
677
678
680
681
682
683
684
685
686
687
688
689
690
691
692
693
694
695
696
697
698
699
700
701
702
703
704
705
706
707
708
709
710
711
712
713
714
715
717
718
719
720
721
722
723
724
725
726
727
728
729
730
731
732
733
734
735
736
737
738
739
740
741
742
743
744
745
746
748
749
750
751
752
753
754
755
756
757
758
759
760
761
762
763
764
765
766
767
768
769
770
771
772
773
774
775
776
777
778
779
781
782
783
784
785
786
787
788
789
790
803
805
815
817
