273
274
275
276
277
278
279
280
984
985
986
987
988
989
990
991
992
993
994
917
995
996
997
918
998
999
921
920
1000
1001
919
1002
1003
1004
1005
1006
1007
1008
1009
1010
1011
1012
1013
1014
1015
1017
1018
1019
1020
1021
1022
1023
1024
1026
593
594
595
596
597
598
599
600
601
602
603
604
605
606
607
608
609
610
611
612
613
615
616
617
618
619
620
621
623
624
625
626
627
629
630
631
632
633
634
635
636
637
638
639
640
641
642
643
644
645
646
647
648
649
650
651
652
653
654
655
656
657
658
659
660
661
662
663
664
665
